1
 36,4,120,134,112,82,53,48,44,40,38,37,35,27,23,19,17,9,7,6,5,3,126,63,160,155,149,143,140,138,137,136,135,133,124,123,122,121,119,117,116,115,114,113,111,102,92,90,89,88,87,86,83,81,76,70,57,55,54,52,51,50,49,47,46,45,43,42,41,39,34,32,31,30,29,28,26,25,24,22,21,20,18,16,15,14,13,12,11,10,8,2,64
1,2,3
 64,63
1.1
 3
1.1.1
 4
1.1.2
 5
1.1.3
 6
1.1.4
 7
1.10
 29
1.11
 30
1.12
 31
1.13
 32
1.2
 8
1.2.1
 9
1.2.2
 10
1.2.3
 11
1.2.4
 12
1.2.5
 13
1.3
 14
1.4
 15
1.5
 16
1.5.1
 17
1.6
 18
1.6.1
 19
1.6.2
 20
1.7
 21
1.8
 22
1.8.1
 23
1.8.2
 24
1.8.3
 25
1.9
 26
1.9.1
 27
1.9.2
 28
10
 158,157,156,155,154,153,152,151,150,149,148,29
100
 78,79
11
 161,160,159,30
12
 162,31
13
 32
176
 1
