C
 1,89,112,64,63,58,57,49,48
C.I
 1,89,112,64,63,58,57,49,48
CADA
 79
CAMBIAMOS
 90
CAMBIAR
 137,66,27,17
CAMBIARLE
 137,66
CAMBIE
 77
CAMBIO
 137,104,66
CAMPO
 126,120,112,150,149,135,134,89,104,94,92,113,84,82,155,102,79,161,160,157,156,154,151,145,136,128,122,114,109,105,100,99,96,86,83,76,72,65,59,57,55,54,50,49,46,45,42,41,38,37
CAMPOS
 126,120,92,82,70,149,143,134,112,104,102,95,85,76,64,63,54,53,44,41,40,37,36,150,144,141,140,135,131,113,89,71,49,48,45,155,127,121,103,100,99,94,84,83,79,77,57
CANCELA
 150,144,141,135,113,104,100,99,95,85,54,49,45,41,37
CANCELAR
 90,137,66,130,124,116,107,98,88,79,160,157,156,151,150,149,147,145,144,141,140,136,135,134,128,122,114,113,112,109,105,104,100,99,96,95,89,86,85,78,77,74,72,71,68,65,61,59,58,55,54,50,49,46,45,42,41,38,37
CANTIDAD
 95,92,100,99,85,82,131,108,58,57,37,36
CAPACIDAD
 95,92
CARGO
 144,143
CARPETA
 160
CASO
 126,120,92,82,130,124,116,107,98,94,88,84,102,160,157,151,147,145,137,136,128,122,114,109,105,104,96,86,74,72,68,66,65,61,59,55,50,46,42,38,161,150,149,144,143,141,140,135,134,113,112,100,99,95,90,89,85,79,78,77,76,71,70,54,53,49,48,45,44,41,40,37,36
CASOS
 137,66
CEDULA
 150
CELULAR
 144,143
CERRAR
 153,77,58,57
CHEQUEO
 150,149,144,143,141,140,135,134,126,120,113,112,104,102,100,99,95,92,89,85,82,76,71,70,54,53,49,48,45,44,41,40,37,36
CHROME
 130,124,116,107,98,88,147,74,68,61
CIENCIA
 1
CIERRA
 58,89,71,57
CIFUENTES
 1
CINCO
 126,120
CLASE
 52
CLASES
 58,57
CLAUSULA
 78,77,75,79
CLAUSULAS
 75,76,15
CLICK
 4,6,5,7,67,58,57,18,16,153,108,64,63,32
CLÁSULA
 76
CLÁSULAS
 75
CLÁUSULA
 76,78,77,75
CLÁUSULAS
 78,75,73,76,79,77,69
CODIGO
 104,102,94,92,84,82,108
COLOCA
 78
COLOCADA
 150,149
COLOCADO
 79
COLOCADOS
 131
COLOCAMOS
 131,126,120,78
COLOCAR
 79
COLOCARLE
 104,102,84,82
COLOQUE
 32
COLOR
 64,63
COM
 146
COMA
 94,92,84,82
COMO
 108,64,63,150,149,130,126,124,120,116,107,98,88,58,57,161,160,158,157,156,155,152,151,147,146,145,144,143,142,141,140,138,137,136,135,134,129,128,127,125,123,122,121,119,117,115,114,113,112,109,106,105,104,103,102,100,99,97,96,93,92,90,89,87,86,83,82,78,77,76,75,74,73,72,71,70,68,67,66,65,61,60,59,55,54,53,51,50,49,48,46,45,44,42,41,40,38,37,36
COMPLETA
 112
COMPLETAR
 64,63,126,120,95,92,89,85,82,79
COMPLETO
 150,149,144,143,141,140,135,134,130,126,124,120,116,113,112,107,104,102,100,99,98,88,76,71,70,54,53,49,48,45,44,41,40,37,36
COMPRUEBA
 133
COMPUTADORA
 130,124,116,107,98,88,147,74,68,61
COMUNIDAD
 64,63
COMUNITARIO
 17,16
COMUNITARIO(LOS
 17
COMUNITARIOS
 62
CON
 92,82,130,124,116,107,98,88,64,63,150,149,135,134,112,126,120,104,102,160,147,144,143,141,94,85,84,76,74,71,70,68,61,58,57,54,53,44,41,40,37,36,32,161,157,151,145,136,128,127,122,121,114,113,109,105,96,95,86,77,72,65,59,55,50,49,48,46,45,42,38,131,108,106,103,100,99,89,79,21,15,158,156,155,152,146,140,138,137,129,123,115,97,90,87,83,73,67,66,60,51,24,23,20,19,17
CONCLUIDA
 137,78
CONCLUIDO
 79,126,120,90,66
CONCLUIR
 79,15
CONCLUIRA
 78
CONCLUYO
 79
CONCLUYÓ
 126,120
CONFIGURACIÓN
 7,158,156,155,153,4
CONFIGURAR
 153
CONFIRMACIÓN
 161,160,157,151,145,136,128,122,114,109,105,96,86,79,72,65,59,55,50,46,42,38
CONFIRMAR
 160,157,151,145,136,128,122,114,109,105,104,96,86,72,65,59,55,50,46,42,38
CONFORMAN
 33
CONSISTE
 64,63
CONTACTO
 64,63,144,143
CONTINUACIÓN
 8
CONTINUANDO
 126,120
CONTINUAR
 161,160,157,151,145,136,128,122,114,109,105,96,86,79,72,65,59,55,50,46,42,38
CONTRARIO
 92,82,160,157,151,145,137,136,130,128,124,122,116,114,109,107,105,104,102,98,96,94,88,86,84,72,66,65,59,55,50,46,42,38,161,150,149,147,144,143,141,140,135,134,126,120,113,112,100,99,95,89,85,79,78,77,76,74,71,70,68,61,54,53,49,48,45,44,41,40,37,36
CONTRARIÓ
 94,92,84,82
CONTRASEÑA
 150,149,161,160,157,151,145,136,128,122,114,109,105,96,86,79,72,65,59,55,50,46,42,38
CONTROL
 107,22,21,101,109,108,106,105,104,103,102,26,13,6,49,25
CONTROLAR
 132,118,111,110,101,80,15
CONVENIO
 79,15,71,70,73,74,72,76,78,75
CONVENIOS
 15,69,75,73,72,71,70,5,79,74
CONVIERTE
 94,92
COPIA
 160
CORRECTA
 150,149
CORRECTAMENTE
 131,126,120,113,112,104,103,102,100,99,95,92,89,85,82,78
CORRECTIVO
 125,127,126,22,111,25
CORRECTIVOS
 22
CORREO
 144,143,64,63
COSTO
 126,120
CREADAS
 57
CREAR
 132,118,111,110,101,80,69,56,52,47,43,39,35
CUAL
 129,123,115,113,112,107,158,156,152,151,150,146,145,144,141,138,137,136,135,130,128,127,126,124,122,121,120,117,116,114,106,105,104,100,99,98,97,96,93,90,89,88,87,86,83,74,73,72,71,68,67,66,65,61,60,57,55,54,51,50,49,46,45,42,41,38,37
CUALQUIERA
 137,66,64,63,58,57,32
CUANDO
 126,120,112,89,150,149,135,134,79,156,155,113,108,90,73
CUARTO
 130,124,116,107,98,88,147,74,68,61
CUENTA
 153,150,149
CUMPLIMIENTO
 78
CUÁNTOS
 64,63
CÉDULA
 149,135,134,112,89,150,144,143,64,63,58,57,49,48
CÓDIGO
 112,64,63,37,36,94,92,84,82,58,57
