VA
 143,112,113,104,102
VACIO
 155,126,120
VALIDO
 126,120,94,92,84,82
VALOR
 95,92
VARIAS
 90
VAYA
 104,102
VAYAMOS
 78,77
VEASE
 102,153,150,149,134,127,126,121,120,117,116,112,107,104,98,88,57,161,160,158,157,156,155,154,152,151,147,146,145,144,143,141,140,138,137,136,135,131,130,129,128,124,123,122,115,114,113,109,106,105,103,100,99,97,96,93,92,90,89,87,86,83,82,79,75,74,73,72,71,70,68,67,66,65,64,63,61,60,59,58,55,54,53,51,50,49,48,46,45,44,42,41,40,38,37,36
VEASÉ
 58,57,156,155,130,124,108,79
VENEZUELA
 1
VENTANA
 130,124,116,107,98,88,58,156,150,147,144,141,135,113,104,100,99,95,89,85,78,74,71,68,61,57,54,49,45,41,37
VER
 127,121,108,97,75
VERDADERAMENTE
 160,157,151,145,136,128,122,114,109,105,96,86,72,65,59,55,50,46,42,38
VERIFICAR
 150,149,144,143,141,140,135,134,126,120,113,112,104,102,100,99,95,92,89,85,82,76,71,70,54,53,49,48,45,44,41,40,37,36
VEZ
 156,155,58,57,161,137,102,79,66,28
VEÁSE
 135
VICENTE
 1
VIGENTE
 64,63
VISTA
 104,84
VISUALIZA
 104,84
VISUALIZAMOS
 90
VISUALIZAR
 8,146,162,158,152,138,129,123,115,106,97,87,73,67,60,51,150,149,108,27,21
VISUALIZARR
 108
VISUALIZARSE
 154
VISUALIZARÁN
 148,142,91,81,75,62,34
VOLVEMOS
 58,57
VOLVIO
 126
VUELVA
 150,149
