DACE
 4
DADO
 108,100,99
DAR
 139,126,125,120,119,79
DARLE
 100,99,78,64,63
DARLO
 79
DARÁ
 79,78
DATOS
 161,160,64,146,130,127,124,121,116,107,98,88,67,31,129,123,115,15,159,150,144,141,135,113,106,104,97,54,49,45,41,37,24,23,21,20,19,17,153,147,92,89,83,82,74,73,71,68,63,61,57,30,29,27,14,12,158,154,152,149,143,140,138,134,126,120,112,102,93,87,85,76,70,60,58,53,51,48,44,40,36,28,13,11,10,9,7,131,117,95,77
DAÑADAS
 100,99,95,92
DAÑADOS
 95,92
DE
 120,126,107,88,92,102,130,124,116,104,98,82,150,144,149,143,112,64,135,100,99,63,44,21,154,45,22,160,134,89,161,19,11,155,113,95,71,61,57,37,23,6,4,156,109,94,85,84,41,24,147,103,70,68,58,49,48,46,36,31,20,141,108,74,54,40,131,32,8,76,53,29,5,158,157,153,129,127,123,121,117,115,79,66,27,18,16,12,7,146,140,137,111,106,105,90,15,10,9,128,122,118,114,77,50,30,26,13,159,151,145,142,97,96,87,86,78,75,72,65,59,55,51,42,38,25,14,138,136,101,93,83,73,43,34,17,152,110,91,80,62,60,28,1,148,81,67,2,162,139,125,119,69,56,52,47
DEBE
 135,134,112,89,58,57,150,149,144,143,141,140,126,120,113,104,102,100,99,95,92,85,82,79,76,71,70,64,63,54,53,49,48,45,44,41,40,37,36
DEBEMOS
 154
DEBEN
 126,120
DECIR
 110,104,102,94,92,84,82
DEJA
 126,120
DEJAMOS
 155
DEJAR
 155
DEJARE
 126,120
DEL
 92,120,112,94,126,64,63,84,98,95,70,82,71,15,153,104,102,74,147,113,57,49,17,160,156,155,151,150,130,124,116,89,67,65,58,50,48,46,45,20,14,161,157,149,145,136,128,122,114,105,100,96,86,85,73,72,61,59,55,44,42,38,158,152,131,129,123,117,115,109,107,106,99,90,88,76,68,60,54,53,30,29,13,162,144,143,141,140,137,135,134,127,121,110,97,41,40,37,36,28,24,23,159,148,146,142,138,108,103,93,91,87,83,81,80,79,78,77,75,66,62,51,34,32,31,27,26,25,22,21,19,18,16,12,11,10,9,8,2,1
DEMÁS
 97
DENTRO
 126,120
DEPARTAMENTO
 64,63
DEPENDIENDO
 162,159,148,142,91,81,80,62,34
DERECHA
 130,124,116,107,98,88,147,74,68,61
DERECHO
 108
DESCARGAR
 160
DESCRIPCIÓN
 13,141,140,135,134,49,25,2
DESCRITOS
 58,57
DESEA
 130,124,116,107,98,88,147,74,68,61,160,157,151,145,136,128,122,114,109,105,96,86,79,77,72,65,59,55,50,46,42,38,32
DESEADO
 32
DESEAMOS
 137,66,126,120,90,79
DESMARCAR
 58,57
DESPLAGABLE
 94,92,84,82
DESPLEGABLE
 94,92,82,85,84
DESPLEGABLES
 94,92
DETALLADOS
 129,123,115,67,158,152,146,138,130,124,116,107,106,98,97,88,87,73,60,51,154,147,74,68,61,30,29,27,24,23,21,20,19,17,15,14,12
DETALLAR
 125,119,69,56
DETALLE
 129,123,115,73,158,152,146,138,106,97,87,67,60,51,154,30,29,27,24,23,21,17,15,14,12
DETALLES
 20,19
DETECTADO
 150,149,144,143,141,140,135,134,126,120,113,112,104,102,100,99,95,92,89,85,82,76,71,70,54,53,49,48,45,44,41,40,37,36
DETERMINADA
 133
DEVOLVER
 90,131,19,110,89,81
DEVOLVERLA
 90
DEVOLVERLAS
 90
DEVUELVA
 89
DIA
 141,140
DIARIAS
 139
DIARIO
 28,140,139,141,26
DIARIOS
 28,132,26
DIARO
 28
DICE
 109,103,102
DICHO
 80
DIFERENTES
 150,149,4
DIRECCIONA
 4
DIRECTAMENTE
 126,120,130,124,117,116,107,98,88,147,74,68,61
DIRIGIRA
 150,149,144,143,141,140,135,134,126,120,113,112,104,102,100,99,95,92,89,85,82,76,71,70,54,53,49,48,45,44,41,40,37,36
DIRIGIRNOS
 154
DISPONIBILIDAD
 12,49,48,50,51,47,8,58,57
DISPONIBILIDADES
 12
DISPONIBLE
 58,57,129,123,115,6,162,159,104,102,84,82
DISPONIBLES
 94,92,58,57,125,119,84,82,32,28,7,6,5
DISPONIBLIDAD
 34,8
DISTINTAS
 150,149,4
DISTINTOS
 154,33,32,8,4
DIVIDE
 130,124,116,107,98,88
DOCE
 45,44
DOCUMENTO
 130,124,116,107,98,88,147,74,68,61
DONDE
 64,63,130,124,116,107,98,88,162,154,147,109,108,103,102,74,68,61,41,40
DOS
 153,130,126,124,120,116,111,107,98,88,79,62,24,23,17
DURACIÓN
 126,120
DURANTE
 141
DÍA
 28,141,140
