BASE
 160,161,31,159,7
BENEFICIA
 64,63
BIEN
 94,92,84,82,104,102,112
BLANCO
 155,156
BLOQUE
 45,44,57,58,46,43,11,48,34
BLOQUEADO
 126,120,104
BLOQUEDO
 150,149,135,134,112,89,113
BLOQUES
 11,49,48,45,44,43
BOLIVARES
 95,92
BOLIVARIANA
 1
BORRA
 149,143,140,134,131,126,120,112,102,92,82,76,70,53,48,44,40,36
BORRAR
 57,58
BOTON
 58,57
BOTONES
 154,67,64,63,32
BOTÓN
 4,155,23,21,20,19,15,156,24,17,158,126,120,76,29,27,22,14,8,6,137,104,100,99,90,66,58,57,30,12,11,5,113,102,84,82,79,73,13,10,9,7,161,150,149,146,144,143,141,140,135,134,131,127,121,112,97,95,92,89,85,78,77,71,70,54,53,49,48,45,44,41,40,37,36,32,31,28,26,25,18,16,154,153,129,123,115,109,108,106,103,94
BRITO
 1
BUEN
 100,99,95,92
BUENAS
 100,99,95,92
BUSCAMOS
 161,156,104,54,49,45,41,37
BUSCAR
 108,83
BUSQUE
 104,102,84,82
BUSQUEDAD
 32
BÓTON
 156,155,130,124,116,107,98,88,161,160,158,157,154,152,151,150,149,147,146,145,144,143,141,140,138,137,136,135,134,131,129,128,127,126,123,122,121,120,117,115,114,113,112,109,108,106,105,104,103,102,100,99,97,96,94,93,92,90,89,87,86,83,82,78,77,76,75,74,73,72,71,70,68,67,66,65,64,63,61,60,59,58,57,55,54,53,51,50,49,48,46,45,44,42,41,40,38,37,36,19
