FALLA
 126
FALTA
 126,120
FALTANTES
 150,149,144,143,141,135,134,131,127,126,121,120,113,112,104,103,102,95,92,85,82,79,77,76,71,70,64,63,54,53,44,41,40,37,36
FBF
 4
FECHA
 126,120,89,71,70,32,144,143,135,134,113,162,133
FEDERICO
 1
FELICIDADES
 130,124,116,107,98,88,161,160,157,156,155,151,150,149,147,145,144,143,141,137,136,135,134,131,128,127,126,122,121,120,114,113,112,109,108,105,104,103,102,100,99,96,92,90,86,85,82,79,77,76,74,72,71,70,68,66,65,64,63,61,59,58,57,55,54,53,50,49,48,46,45,44,42,41,40,38,37,36
FIGUEROA
 1
FILTRO
 32
FINAL
 71,70
FINALIZA
 45,44
FINALIZACIÓN
 71,70
FINALMENTE
 126,120,131,108
FORMACIÓN
 64,63,41,40
FORMAS
 79
FORMATO
 108
FORMULARIO
 95,94,85,84,126,120,149,143,140,134,113,112,102,100,99,92,82,76,70,53,48,44,40,36,150,144,141,135,104,64,63,54,49,45,41,37,156,89,77,71,58,57,20,19
FUE
 126,120
FUNCIONA
 155,150,149,112,104,102
FUNCIÓN
 76
