GENERA
 107,98,32,20,19,14
GENERADO
 161
GENERAL
 130,124,116,107,98,88
GENERAR
 130,124,116,88,107,98,147,74,68,61,24,23,21,20,15,108,91,81,69,56,29,19,17
GENERARLE
 107,130,124,116,98,88,74,68,61
GENERO
 143
GESTIONAR
 132,118,111,110,101,80
GRADO
 144,143
GRAFICA
 108,104,102
GRAFICAS
 108,21
GUARDADA
 104
GUARDALAS
 108
GUARDAR
 130,124,116,107,98,88,147,74,68,61,108,150,149,144,143,141,140,135,134,126,120,113,112,102,92,89,82,76,70,58,57,53,48,44,40,36
GUARDARLA
 108
GUARDARÁ
 160,108
GUIONES
 94,92,84,82
GÉNERO
 144
