UBICA
 64,63
UBICACIÓN
 94,92,84,82
UN
 92,149,150,82,141,140,130,124,104,102,71,70,126,120,116,113,100,99,98,95,94,76,54,53,45,154,144,143,135,134,112,107,89,88,85,79,49,48,44,41,40,37,36,22,15,84,68,58,24,17,160,157,156,155,151,125,119,109,103,96,74,72,66,65,64,63,61,59,57,55,46,26,23,21,20,19,14,147,139,131,128,127,122,121,117,114,97,93,32,31,30,29,28
UNA
 135,134,112,102,82,150,92,58,57,149,137,107,104,94,89,88,84,19,161,156,155,145,143,136,130,126,124,120,116,105,98,90,86,79,78,77,76,75,50,49,48,44,42,41,40,38,37,36,27,23,9,160,147,144,133,128,127,122,121,114,113,109,108,103,95,85,83,74,68,66,61,54,53,51,45,29,28,25,21,20,13,12,10
UNICO
 94,92,84,82,104,102
UNIVERSIDAD
 4,1
UNIVERSITARIA
 1
UNIÓN
 8
USO
 94,92,84,82
USTED
 95,92
USUARIO
 150,149,155,153,156,154,151,30,158,157,152,4,162,161,160,145,136,128,122,114,109,105,96,86,79,72,65,59,55,50,46,42,38,159,148,142,140,91,81,62,34,28,1
USUARIOS
 30,148,150,149,158,154,152,151,7,157,156,155,143,142
UTILIZADOS
 129,123,115,25,22
UTILIZANDO
 161,160,157,151,145,136,128,122,114,109,105,96,86,79,72,65,59,55,50,46,42,38
UTILIZAR
 156,155
UTILIZARON
 129,123,115
UTILIZARÁ
 150,149
UTILIZARÓN
 126,120
