NACIMIENTO
 144,143
NACIONAL
 64,63,41,40
NACUMIENTO
 143
NAVEGACIÓN
 2,116,107,98,88,161,160,158,154,152,151,150,149,147,146,145,144,143,141,140,138,137,136,135,134,131,130,129,128,127,126,124,123,122,121,120,117,115,114,113,112,109,108,106,105,104,103,102,100,99,97,96,93,92,90,89,87,86,83,82,79,75,74,73,72,71,70,68,67,66,65,64,63,61,60,59,58,57,55,54,53,51,50,49,48,46,45,44,42,41,40,38,37,36
NAVEGADORES
 130,124,116,107,98,88,147,74,68,61
NAVEGUE
 156,155
NB
 94,92,84,82
NECESITAN
 64,63
NECESITE
 108
NELSON
 1
NI
 78
NINGUNA
 76
NINGÚN
 150,149,144,143,141,140,137,135,134,126,120,113,112,104,102,100,99,95,92,89,85,82,76,71,70,66,54,53,49,48,45,44,41,40,37,36
NIVEL
 120
NO
 120,126,79,57,137,130,124,116,113,107,98,92,88,82,78,76,58,161,160,157,156,155,151,150,149,148,147,145,144,143,142,141,140,136,135,134,128,122,114,112,109,105,104,102,100,99,96,95,94,91,89,86,85,84,81,74,72,71,70,68,66,65,62,61,59,55,54,53,50,49,48,46,45,44,42,41,40,38,37,36,34
NOMBRE
 155,71,70,58,57,156,150,149,144,143,126,120,94,92,84,82,54,53,49,48,37,36,162,135,134,112,89,64,63
NOMBRES
 150,149,135,134,112,89,144,143,64,63
NOS
 109,103,126,120,112,160,155,154,153,117,108,102,89,58,57
NOTESE
 107,98,88
NOTESÉ
 130,124
NOTIFICACIONES
 4
NUEVA
 94,92,75,29,27,23,21,19,12,10,9
NUEVAS
 78
NUEVO
 154,103,30,28,20,17,15,14
NUMERO
 104,102
NUMEROS
 94,92,84,82
NÚMERO
 126,120,94,92,84,82,112,104,102,45,44,144,143,131,64,63,41,40
NÚMEROS
 82,94,92,85,84,104,102
