M
 1
MANERA
 79,95,92
MANERAS
 126,120
MANT
 22,25
MANTENIMENTO
 131,126,120
MANTENIMIENTO
 120,126,112,127,121,24,113,129,128,122,23,130,124,123,117,115,116,114,110,22,131,118,111,106,104,102,142,125,119,94,92,25
MANTENIMIENTOS
 116,130,124,23,22,24,117,115,111,6,131,129,123,118,114,113,112,110,108
MANTENIMIETO
 110
MANTENIMITENTO
 128,122,114
MANUAL
 1
MAQUINA
 104,102,108,103,129,123,115,94,92,112,109,107
MAQUINAS
 107,101,21,104,102,125,119,118,111,110,109,108,106,105,103,94,92,6
MARCA
 104,102,85,82,58,57
MARCADOS
 58,57
MARCAR
 58,57
MAS
 64,63
MATERIA
 37,36,38,9,58,57,35,40,8
MATERIAS
 9,38,37,36,58,57,35,34,8
MAXIMA
 95,92
MAXIMO
 95,92
MAYOR
 95,92
MECÁNICA
 6,94,92
MEDIDA
 94,92,85,82,104,102
MEDIO
 126,120
MENCIONADOS
 8
MENOR
 95,92
MENOS
 110
MENSAJE
 92,82,104,102,95,150,149,144,143,141,135,134,126,120,113,112,100,99,94,85,84,76,71,70,54,53,44,41,40,37,36,49,48,45,160,155,140,137,131,127,121,103,90,89,79,77,66,64,63,161,156,78,58,57
MENÚ
 4
METALMÉCANICA
 118,110
METAMÉCANICA
 111
MINIMA
 95,92
MINIMO
 95,92
MINISTERIO
 1
MISMA
 104,102
MISMO
 90,154,141,126,120,112,110,108,104,102,28
MISMOS
 153,127,121
MODELO
 104,102
MODICAR
 15
MODIFICACIÓN
 104,153,150,144,141,135,113,95,85,77,71,58,54,49,45,41,37
MODIFICADA
 141,135,54
MODIFICADO
 144,135,127,121,113,64,58,49,45,41,37
MODIFICAR
 104,156,54,49,45,41,37,141,113,77,71,135,127,121,83,64,58,153,150,144,93,154,85,75,30,29,28,27,24,23,21,20,19,17,14,13,12,11,10,9,148,142,137,125,119,95,91,84,81,69,66,62,56,52,47,43,39,35,34,15
MODIFICARLA
 78
MODIFICARLE
 150,144,141,135,127,121,113,104,93,83,71,64,54,49,45,41,37
MODULO
 5
MODULOS
 154,2
MOMENTO
 150,149,104,102
MOSTRADOS
 58,57
MOSTRARA
 4
MOSTRARÁ
 102,92,82,6,4,126,120,104,90,64,63,58,57,5,130,124,116,113,112,109,107,98,88,7,158,156,155,150,149,144,143,141,140,135,134,100,99,95,94,89,84,76,71,70,54,53,49,48,45,44,41,40,37,36,161,160,157,151,147,145,137,136,131,128,122,114,108,105,103,96,86,85,74,72,68,66,65,61,59,55,50,46,42,38,18,16,154,152,146,138,129,127,123,121,115,106,97,93,87,83,79,78,77,75,73,67,60,51
MOSTRARÁN
 153,80,57,33
MOSTRATÁ
 109,103
MOSTRÁRA
 94,92,84,82
MOTIVO
 126,120,113,112
MUESTRA
 129,123,115,158,156,155,126,120,94,84,32,130,124,116,107,98,88,73,67,154,147,146,127,121,106,100,99,97,92,82,74,68,61,30,29,24,23,21,20,19,17,15,14,12,4
MUESTRAN
 67
MUESTRÁ
 129,123,115,95,92,20,19
MUNICIPIO
 64,63
MÁQUINA
 102,21,105,109,107,106,120,104,126,112,103,108
MÁQUINAS
 21,107,108,142,109,106,104,103,102,6
MÁS
 146,127,121,67
MÁXIMO
 45,44
MÉCANICA
 101,80
MÓDULO
 8,6,7,5,57,18,16,154,107,98,88,58,32,31,30,29,28,27,26,22,21,20,19,17,15,14,13,12,11,10,9,162,161,156,155,150,149,135,134,131,75,4,160,159,158,157,152,151,147,146,145,144,143,141,140,138,137,136,130,126,124,120,116,112,110,109,108,106,105,104,103,102,100,99,97,96,93,92,90,89,87,86,83,82,74,73,72,71,70,68,67,66,65,64,63,62,61,60,59,55,54,53,51,50,49,48,46,45,44,42,41,40,38,37,36,153,148,142,139,133,132,129,128,127,123,122,121,118,117,115,114,113,111,101,91,81,80,79,78,77,76,69,56,52,47,43,39,35,34
MÓDULOS
 33,158,156,155,32,154,150,149,142,8
