LA
 126,120,107,104,88,82,102,144,116,112,89,130,124,98,84,41,150,143,135,37,149,123,115,108,58,57,129,113,92,40,160,156,153,134,109,90,63,36,64,49,158,146,145,141,136,105,94,86,85,68,61,42,38,155,147,137,117,100,99,96,74,66,21,19,161,157,151,128,122,114,106,103,87,79,72,65,59,55,54,50,46,45,27,23,140,95,76,71,12,154,138,131,83,78,77,75,70,67,53,51,48,44,29,24,4,162,127,121,97,93,73,32,31,10,9,152,110,60,26,25,8,159,133,118,111,91,47,30,28,22,20,18,17,16,15,14,13,11,2,1
LABORA
 133
LABORATORIO
 80
LAS
 21,4,108,22,156,155,107,88,57,34,19,142,90,81,58,29,27,13,10,162,150,149,148,147,139,132,125,119,118,111,110,104,102,101,91,80,79,78,75,73,62,52,39,35,24,23,15,12,7,6,5
LE
 89,78,129,123,115,112,108,100,99
LETRAS
 94,92,84,82
LIMITE
 95,92
LIMPIAR
 155,143,131,126,120,102,92,82,76,70,57,53,48,44,40,36
LISTA
 94,92,82,84,156,155,85,30,29,28,24,23,21,20,19,17,15,14,12,11,10,9
LISTAS
 27
LLAMADA
 94,92
LLEGADO
 95,92
LLENA
 126,120,150,149,135,134,112,89
LLENADO
 112,150,149,135,134,89,95,94,92,85,84,82
LLENAMOS
 126,120,100,99
LLENANDO
 150,149,144,143,141,140,135,134,112,102,71
LLENAR
 117,64,63
LLEVA
 117
LLEVAR
 22,26,75
LLEVARÁ
 153,126,120,117
LLEVO
 110
LO
 162,77
LOS
 92,64,130,126,124,120,116,98,24,82,23,17,150,57,20,149,129,123,115,107,104,95,88,63,54,49,45,41,37,15,11,158,154,144,141,135,127,121,113,70,58,48,32,30,4,155,153,143,140,134,112,106,102,85,83,76,71,53,44,40,36,28,21,19,14,156,147,131,100,99,97,94,89,74,73,68,62,61,29,27,22,12,9,7,6,5,152,148,146,142,138,111,110,93,91,87,84,67,60,51,26,25,13,10,162,159,137,132,118,117,81,77,69,66,56,47,43,34,33,31,18,16,8,2
LUCES
 120
LUEGO
 153,131,117
