HA
 143,92,144,82,49,45,44,41,40,37,36,161,160,157,156,155,151,150,149,145,141,137,136,135,134,131,128,127,126,122,121,120,114,113,112,109,105,104,103,102,96,95,94,86,85,84,78,77,76,72,71,70,66,65,64,63,59,58,57,55,54,53,50,48,46,42,38
HABILITADO
 28
HABÍA
 110
HACER
 4,6,5,143,7,18,16,126,120,112,94,92,32,25
HAN
 95,92
HAY
 126,120,90,76
HAYA
 150,149,144,143,141,140,135,134,126,120,113,112,104,102,100,99,95,92,89,85,82,76,71,70,54,53,49,48,45,44,41,40,37,36
HAYAN
 131,110
HERRAMIENTA
 82,19,89,90,88,84,86,85,87,83
HERRAMIENTAS
 88,19,90,81,82,89,87,86,83,18,142,97,85,80,74
HIZO
 162
HOARIO
 59
HOMBRE
 126,120
HORA
 11,44,45,126,46,51,50
HORARIO
 14,58,57,61,60,59,48
HORARIOS
 14,56,5,61,60,59,58,57
HORAS
 45,44,46,43,11,8,58,57,37,36,34,126,120,49,48
