I
 1,89,112,94,84,64,63,58,57,49,48
ICONO
 130,124,116,107,98,88,147,74,68,61,90
IDENTIDAD
 150,149,135,134,112,89,144,143,64,63,58,57,49,48
IDENTIFICA
 58,57
IDENTIFICACIÓN
 54,53
IDENTIFICANDO
 7,6,5,4
IDENTIFICAR
 104,102,84,82
IDENTIFICARAN
 32,31,30,29,28,27,26,25,24,23,22,21,20,19,18,17,16,15,14,13,12,11,10,9,8,4
IGUAL
 95,92
II
 127,121,97,94,84,1
IMAGEN
 108,104,102
IMAGENES
 104,102,84,82
IMAGÉN
 130,124,116,107,104,98,88,84,82,153,147,102,74,68,61,157,151,145,136,128,122,114,109,105,96,86,72,65,59,55,50,46,42,38
IMPARTE
 37,36,58,57
IMPORTE
 95,92
IMPRIMIR
 130,124,116,107,98,88,154,147,74,68,61
IMPRIMIRLO
 130,124,116,107,98,88,147,74,68,61
INCIO
 71,70
INCORRECTA
 161,160,157,151,145,136,128,122,114,109,105,96,86,79,72,65,59,55,50,46,42,38
INDENTIDAD
 143
INDIVIDUAL
 130,124,116,107,98,88,104,102
INFORMÁTICA
 1
INGRESAR
 150,149
INICIA
 45,44
INICIO
 71,70,45,44,4
INSTRUCCIÓN
 144,143
INSUMO
 92,100,99,20,98,97,95,94,96,93,126,120
INSUMOS
 20,98,92,100,99,96,95,91,97,93,18,80
INTEGRACIÓN
 64,63
INTEGRANTES
 64,63
INTEGRAR
 64,63
INTEGRATES
 64,63
INTERNO
 112
INTRANET
 4
INTRODUCCIÓN
 94,92,84,82
INTRODUCIMOS
 108
INTRODUZCA
 161,160,157,151,145,136,128,122,114,109,105,96,94,92,86,84,82,79,72,65,59,55,50,46,42,38
INVALIDOS
 150,149,144,143,141,135,134,131,127,126,121,120,113,112,104,103,102,95,92,85,82,79,77,76,71,70,64,63,54,53,44,41,40,37,36
INVENTARIO
 80,18,131,6
IR
 104,102
IV
 1
