O
 120,141,135,134,113,112,95,92,76,54,53,153,150,149,144,143,140,133,131,127,126,121,104,103,102,85,82,79,77,71,70,64,63,44,41,40,37,36,20
OBJETIVO
 64,63
OBSERVA
 108
OBSERVACIONES
 141,140,126,120
OBSERVACIÓN
 141,140
OCUPA
 144
OCUPE
 143
OFRECE
 64,63
OLVIDAR
 150,149
OPCION
 94,92
OPCIONES
 4,156,155,153,148,142,91,81,62,34,7,6,5
OPCIÓN
 137,66,156,94,92,155,154,153,126,120,109,108,103,84,82,4
OPERACIÓN
 90
OPERATIVA
 126
OTORGARLE
 150,149
OTRA
 79
OTRO
 154,109,103,102,76
OTROS
 130,126,124,120,116,107,98,88,147,142,97,74,68,61
