A
 104,102,92,156,155,126,117,112,100,99,82,41,158,150,149,145,136,135,90,89,84,83,78,76,64,63,57,49,37,144,143,141,120,113,106,105,95,86,77,58,42,40,38,154,137,134,123,115,108,107,96,94,87,85,71,70,66,65,54,53,48,45,44,36,161,160,157,153,151,148,146,140,131,130,129,128,127,125,124,122,121,119,116,114,109,103,98,97,93,88,79,75,73,72,61,59,55,51,50,46,31,30,29,8,4
ABAJO
 153
ABANDONADO
 66
ABIERTO
 137,66
ACADEÉMICO
 4
ACADÉMICA
 158,156,155
ACADÉMICO
 6,158,156,155,64,63,57,49,48,4
ACCEDER
 156,155,154
ACCIONES
 162,150,149
ACCIÓN
 162,154
ACEITE
 120
ACEPTA
 104,102,94,92,84,82
ACEPTAR
 137,66,104,79,161,160,157,155,151,150,149,145,144,143,141,136,135,134,131,130,128,126,124,122,120,116,114,113,112,109,107,105,102,100,99,98,96,95,92,90,88,86,85,82,77,76,72,71,70,65,59,55,54,53,50,46,44,42,41,40,38,37,36,156,147,140,127,121,103,89,78,74,68,64,63,61,58,57,49,48,45
ACTIVIDAD
 135,134,136,27,138,137,133,141,140
ACTIVIDADES
 26,132,27,6,141,140,139
ACTIVO
 90
ADEMÁS
 154,126,120
ADMINISTRATIVA
 158,156,155
ADMINISTRATIVO
 5,158,156,155,4
AGREGA
 94,92,76
AGREGADA
 143
AGREGADO
 156,155
AGREGAR
 155,102,103,92,149,143,140,134,112,82,76,70,57,53,48,44,40,36,63,154,28,156,126,120,75,30,29,27,23,21,17,15,14,12,11,10,9,148,142,109,95,91,81,78,62,34,20,19,13
AGREGARLE
 150,149,126,120,104,102,94,92,84,82,76
AGREGÓ
 28
AHORA
 126,120
AL
 150,149,64,63,4,126,120,143,155,129,92,90,67,40,6,131,123,115,102,100,99,5,158,156,154,141,134,113,112,103,82,71,70,57,54,53,48,44,41,36,32,7,152,151,146,144,140,128,127,122,121,114,104,95,79,76,75,72,65,60,55,46,45,18,16,160,153,142,138,137,135,133,108,97,96,94,93,89,85,78,77,74,73,66,58,51,50,37,28,20
ALCANCES
 64,63
ALGUNAS
 148,142,91,81,62,34
ALMACENAMIENTO
 95,92
ALMACENES
 94,92,84,82
ALMACÉN
 100,99,95,92
ANEXAS
 79,75,73
ANTERIOR
 130,124,116,107,98,88,147,74,68,61
ANTERIORIDAD
 94,92,84,82
ANTERIORMENTE
 58,57
ANTES
 150,149,144,143,141,140,135,134,126,120,113,112,104,102,100,99,95,92,89,85,82,76,71,70,54,53,49,48,45,44,41,40,37,36
ANUAL
 104,102
APARECE
 113,112
APARECERÁ
 155
APELLIDO
 143,64,63,58,57,49,48,150,149,144,135,134,112,89
APELLIDOS
 150,149,144,135,134,112,89,143
APLICA
 111
APLICAN
 62,24,23,17
APORTES
 64,63
APRENDIDO
 161,160,157,156,155,151,150,149,145,144,143,141,137,136,135,134,131,128,127,126,122,121,120,114,113,112,109,105,104,103,102,96,92,86,85,82,77,76,72,71,70,66,65,64,63,59,58,57,55,54,53,50,49,48,46,45,44,42,41,40,38,37,36
AQUELLOS
 92,83,82
AQUI
 104,90,54,49,45,41,37
AQUÍ
 162,156
ARAGUA
 1
ARCHIVO
 160,130,124,116,107,98,88,161,147,108,104,102,84,82,74,68,61
ARCHIVOS
 104,102,84,82
ARRANQUE
 126
ARRIBA
 153
ASI
 108
ASIGNADO
 126,120,112,64,63
ASIGNAR
 48
ASIGNARLE
 154,133
ASOCIADOS
 158,156,155,126,120
ASTERICO
 126,120,64,63
ASTERISCO
 92,83,82
ASÍ
 154,110,104,102,77
AUDITORIA
 162
AUDITORÍA
 7
AULA
 54,55,53,13,58,57,8,48
AULAS
 13,53,52,54,58,57,55,34,8
AUMENTANDO
 104,102
AUTOINCREMENTABLE
 104,102
AUTOMATICAMENTE
 112,150,149,135,134,126,120,89,78,58,57
AUTORES
 1
AYUDA
 126,120
AÑO
 41,40,108
