TALES
 142
TALLER
 125,119,118,111,110,101,80
TAREA
 135,134,133
TAREAS
 13,49,25
TECNOLÓGIA
 1
TECNOLÓGICO
 17,16
TECNOLÓGICOS
 62
TELÉFONO
 64,63
TEMA
 161,160,158,157,156,155,152,151,150,149,146,145,144,143,141,140,138,137,136,135,134,130,129,128,127,126,125,124,123,122,121,120,119,117,116,115,114,113,112,111,109,108,107,106,105,104,103,102,100,99,98,97,96,93,92,90,89,88,87,86,83,82,78,77,76,75,73,72,71,70,67,66,65,64,63,60,59,58,57,55,54,53,51,50,49,48,46,45,44,42,41,40,38,37,36,32,31,30,29,28,27,26,25,24,23,22,21,20,19,18,17,16,15,14,13,12,11,10,9,8,4
TEMAS
 62
TENTATIVA
 89
TERCER
 130,124,116,107,98,88,147,74,68,61
TERRITORIAL
 1
TERÁN
 1
TIEMPO
 126,120
TIENEN
 90
TIPO
 156,155,154,157,103,109,102,158,94,92,126,120,112,104,90,85,82,160,150,149,131,113,111
TIPOS
 94,92,62,24,23,17
TIPS
 149
TITULO
 71,70,64,63
TODAS
 156,155,78,75,21,19
TODOS
 32,160,155,149,143,140,134,126,120,112,102,92,82,76,70,64,63,58,57,53,48,44,40,36,20
TOQUE
 94,92,84,82
TOTAL
 95,92,126,120,100,99
TRABAJAR
 142
TRAVÉS
 64,63
TRAYECTO
 64,63,41,40,37,36,1
TÉCNOLOGICO
 16
