E
 154,108,80
EDITADA
 104,85,144,89,78,77,54,49,45,41,37
EDITADO
 150,95,100,99,71
EDITAR
 153,150,144
EDUCACIÓN
 1
EJECUCCIÓN
 154
EJECUCIONES
 22,24
EJECUCIÓN
 120,126,129,24,123,118,117,115,130,128,127,124,122,121,22,112,110
EJECUCÓN
 126
EJECUTADO
 126,120
EJECUTAR
 126,120,117,127,121,24,23,125,119
EJECUTÓ
 129,123,115
EL
 92,126,120,82,104,107,94,102,98,130,124,116,88,84,57,6,112,63,137,113,66,64,58,5,90,4,155,150,89,7,149,147,95,79,74,68,61,135,134,108,99,161,156,144,131,45,44,143,141,100,78,76,142,140,129,127,123,121,115,77,71,70,54,53,49,48,41,40,37,36,8,162,145,136,128,122,114,109,85,83,72,32,18,16,160,158,157,153,151,105,97,96,86,80,65,59,55,50,46,42,38,20,154,146,117,110,103,93,75,73,62,34,29,28,19,159,152,148,139,138,133,132,125,119,118,111,106,101,91,87,81,69,67,60,56,51,33,30,27,25,21,17,14
ELECTRONICO
 64,63
ELECTRÓNICO
 144,143
ELEMENTO
 4,6,5,7,18,16
ELEMENTOS
 4,32,7,6,5,24,23,17,80,31,30,29,28,27,26,25,22,21,20,19,18,16,15,14,13,12,11,10,9,8
ELIMINACIÓN
 160,157,151,145,136,128,122,114,109,105,96,86,72,65,59,55,50,46,42,38
ELIMINADA
 145,136,109,105,86,55,50,46,42,38
ELIMINADO
 157,151,128,122,114,96,72,65,59
ELIMINAR
 157,151,145,136,128,122,114,109,105,96,86,72,65,59,55,50,46,42,38,154,75,30,29,27,24,23,21,20,17,15,14,13,12,11,10,9,148,142,125,119,91,81,69,62,56,52,47,43,39,35,34,19
ELIMINARLA
 78
ELMINAR
 19
EMAIL
 144,143,64,63
EMERGENCIA
 120
EMPRESA
 113,112
EN
 92,130,124,107,98,88,116,82,95,126,104,120,102,94,84,4,150,147,57,149,74,68,61,160,144,135,134,113,99,58,36,155,145,143,137,136,128,122,114,112,108,72,66,37,157,156,151,140,109,105,100,96,90,89,86,76,71,70,65,63,59,55,53,50,48,46,44,42,40,38,32,7,6,5,161,141,83,78,67,64,54,49,45,41,29,162,153,146,131,129,127,123,121,115,110,93,85,79,77,75,62,25,22,21,20,19,18,14,158,154,152,142,138,133,132,125,119,118,117,111,106,103,101,97,87,80,73,60,51,34,31,30,28,27,26,24,23,17,16,15,13,12,11,10,9,8,159,148,139,91,81,52,47,43,39,35,33
ENCARGADO
 112,89,162,159,148,142,126,120,113,91,81,69,62,56,34
ENCONTRADA
 80
ENCONTRADAS
 4,147,118,111,110,107,101,88,20,19
ENCONTRADOS
 32,24,23,17,130,124,116,98,80,31,30,29,28,27,26,25,22,21,20,19,18,16,15,14,13,12,11,10,9,8,4
ENCUENTRA
 126,120,104,150,149,135,134,112,89,113,102,85,82
ENLACES
 4
ENTE
 71,70
ENTRADA
 99,100,91,20
ENTRADAS
 20
ENTRAR
 154,75
ENTRARÓN
 99
ENTRE
 126,120,58,57,142
ENVIARÁ
 154
ERROR
 150,149,144,143,141,135,134,126,120,113,112,104,102,100,99,95,92,85,82,76,71,70,54,53,44,41,40,37,36,140,89,49,48,45,131,127,121,103,79,77,64,63
ES
 92,126,120,112,104,102,94,82,150,149,95,84,135,134,113,89,79,161,160,157,154,151,145,144,143,141,140,136,128,122,114,110,109,108,105,100,99,96,86,85,76,72,71,70,65,59,55,54,53,50,49,48,46,45,44,42,41,40,38,37,36,8
ESA
 156,155,106,78
ESCOGIDO
 156,155
ESCOJEMOS
 154
ESCRIBA
 79
ESCRIBIR
 150,149
ESCRITOS
 149,143,140,134,112,102,92,82,76,70,53,48,44,40,36
ESE
 156,155,126,120,58,57,153,104,102,94,92,84,82,79,75,73
ESENCIAL
 104,102
ESPECIALIDAD
 144,143,64,63
ESPERA
 160
ESTA
 130,126,124,120,107,98,88,116,84,82,79,58,57,161,160,157,151,147,145,136,128,122,114,109,105,104,102,96,94,92,86,78,75,74,72,68,65,61,59,55,50,46,42,38,7,6,5
ESTADISTICA
 108
ESTADISTICAS
 21
ESTADO
 137,66,104,102,90,85,82,64,63,27,100,99,95,92,17
ESTAR
 126,120,112,58,57,150,149,144,143,141,140,135,134,113,104,102,100,99,89,76,71,70,54,53,49,48,45,44,41,40,37,36
ESTARÁ
 162,159
ESTE
 4,112,150,149,135,134,126,120,104,89,6,113,5,102,92,58,57,18,16,7,162,160,159,153,111,76,62,8,161,158,157,156,155,154,152,151,148,146,145,144,143,142,141,140,138,137,136,132,131,130,129,128,127,124,123,122,121,118,117,116,115,114,110,109,108,107,106,105,103,101,100,99,98,97,96,95,94,93,91,90,88,87,86,83,82,81,80,78,77,75,73,72,71,70,67,66,65,64,63,60,59,55,54,53,52,51,50,49,48,47,46,45,44,43,42,41,40,39,38,37,36,35,34,32,31,30,29,28,27,26,25,24,23,22,21,20,19,17,15,14,13,12,11,10,9
ESTEN
 95,92,79
ESTO
 160,153,150,149,130,124,116,107,98,92,88,161,157,156,155,154,151,147,145,144,143,141,137,136,135,134,131,128,127,126,122,121,120,117,114,113,112,109,108,105,104,103,102,100,99,96,94,90,86,85,82,79,77,76,74,72,71,70,68,66,65,64,63,61,59,58,57,55,54,53,50,49,48,46,45,44,42,41,40,38,37,36
ESTOS
 64,63,32
ESTUDIANTE
 64,63
ESTUDIO
 64,63
ESTÁ
 129,123,115,80,33
ESTÉ
 126,120,95,92,156,155,154,139,133,125,119,110,69,56
EXISTE
 126,120
EXISTEN
 126,120,79
EXISTENCIA
 95,92
EXISTENTE
 112,150,149,135,134,89
EXITO
 150,149,144,143,141,135,134,76,71,70,54,53,49,48,45,44,41,40,37,36,161,160,157,156,155,151,145,140,136,128,127,126,122,121,120,114,113,112,109,105,104,102,100,99,96,95,92,86,85,82,77,72,65,64,63,59,58,57,55,50,46,42,38
EXPLICACIÓN
 64,63,126,120
EXPLICANDO
 150,149,144,143,141,140,135,134,126,120,112,104,102,95,94,92,89,85,84,82,71,70,64,63,54,49,45,41,37
EXPLICARÁ
 130,124,116,107,98,88,161,160,158,157,156,155,152,151,150,149,147,146,145,144,143,141,140,138,137,136,135,134,129,128,127,126,123,122,121,120,117,115,114,113,112,109,108,106,105,104,103,102,100,99,97,96,93,92,90,89,87,86,83,82,78,77,76,75,74,73,72,71,70,68,67,66,65,64,63,61,60,59,58,57,55,54,53,51,50,49,48,46,45,44,42,41,40,38,37,36
EXPLORADOR
 108,104,102,84,82
EXTENSIÓN
 104,102,84,82
EXTERNO
 113,112,4
