S
 94,92,84,82
S/NB
 94,92,84,82
SACADO
 110
SALDRÁ
 137,66,156,155
SALIDA
 100,99,91,20
SALIDAS
 20
SALIERON
 100
SALIR
 153
SASTISFACTORIAMENTE
 79
SATISFACTORIA
 79
SATISFACTORIAMENTE
 79
SE
 126,120,112,89,64,63,104,150,149,135,134,130,124,116,113,107,102,98,92,88,82,129,123,115,79,57,37,36,162,141,140,110,78,58,144,143,108,100,99,49,45,44,41,40,161,160,157,151,147,145,137,136,128,122,114,109,105,96,94,86,83,76,75,74,72,71,70,68,66,65,61,59,55,54,53,50,48,46,42,38,158,156,155,152,146,138,133,131,127,121,106,103,97,93,87,85,84,80,77,73,67,60,51,28,154,153,148,142,139,132,125,119,118,117,111,101,95,91,90,81,62,52,47,43,39,35,34,33,32,31,30,29,27,26,25,24,23,22,21,20,19,18,17,16,15,14,13,12,11,10,9,8,7,6,5,4
SECCIONES
 10,57,39,8,42,41,40,55,34
SECCIONES.VEASE
 57
SECCIÓN
 41,40,42,10,64,63,57,49,45,33,7,6,5,1
SECRETA
 150,149
SECTOR
 64,63
SEDE
 41,40
SEGUIDAMENTE
 130,124,116,107,98,92,88,83,82,161,160,158,157,156,155,154,152,151,150,149,147,146,145,144,143,141,140,138,137,136,135,134,131,129,128,127,126,123,122,121,120,117,115,114,113,112,109,108,106,105,104,103,102,100,99,97,96,93,87,86,78,77,76,75,74,73,72,71,70,68,67,66,65,64,63,61,60,59,58,57,55,54,53,51,50,49,48,46,45,44,42,41,40,38,37,36
SEGUIMIENTO
 139,78
SEGUIR
 78,79,75
SEGUMIENTO
 78
SEGUNDA
 95,85,94,84
SEGUNDO
 71,70
SELECCIONABLES
 49,48
SELECCIONADO
 161,102,32
SELECCIONADOS
 57,155,58
SELECCIONAMOS
 131,112,108,57,156,155,137,126,120,109,103,102,66
SELECCIONAR
 58,57,161,104,102,84,82
SELECCIONE
 109,103,102,94,92,84,82
SEMANA
 37,36
SEMANAL
 27,133,138,137,136,135,134,26,132
SEMANALES
 58,57,37,36
SER
 90
SERGEI
 1
SERIAL
 85,82
SERVICIO
 126,120
SESIÓN
 153
SEXO
 144,143
SI
 120,92,126,137,130,124,116,107,98,88,66,112,95,94,82,160,157,153,151,147,145,136,129,128,123,122,115,114,109,105,104,102,96,90,86,84,79,76,74,72,68,65,61,59,58,57,55,50,46,42,38,161,155,150,149,144,143,141,140,135,134,133,113,100,99,89,85,78,77,71,70,54,53,49,48,45,44,41,40,37,36
SIDO
 94,92,84,82
SIGNIFICA
 156,155
SIGUENTE
 32
SIGUIEMIENTO
 75
SIGUIENTE
 109,90,58,57,155,137,130,129,124,123,116,115,107,103,98,88,66,158,156,126,120,112,108,102,67,161,160,157,151,147,146,145,136,131,128,122,114,113,105,96,86,74,72,68,65,63,61,59,55,50,46,42,38,154,153,152,150,149,144,143,141,140,138,135,134,127,121,106,104,100,99,97,93,92,89,87,83,82,79,78,77,76,75,73,71,70,64,60,54,53,51,49,48,45,44,41,40,37,36
SIGUIENTES
 64,63
SINGULAR
 130,124,107,98,88
SIRVE
 139,133
SISTEMA
 150,149,92,4,143,112,102,82,134,104,6,160,144,135,126,120,95,89,70,57,53,48,44,40,36,5,155,151,145,140,136,128,122,114,113,90,72,71,65,50,46,29,7,161,157,153,141,105,103,100,99,96,94,86,85,84,76,59,58,55,54,49,45,42,41,38,37,18,16,162,156,142,137,127,121,109,108,93,83,79,78,77,63,62,34,33,2
SOBRADO
 131,110
SOBRE
 6,4,5,7,153,16,108,64,63,58,57,32,18
SOCIO
 17,16,62
SOCIO-COMUNITARIO
 16
SOCIO-COMUNITARIOS
 62
SOCIO-TECNOLÓGICO
 16
SOCIO-TECNOLÓGICOS
 62
SOCIO-TÉCNOLOGICO
 16
SOFTWARE
 4
SOLA
 28
SOLICITAR
 104,102
SOLICITUD
 23,115,126,120,113,112,123,117,116,114,111,130,129,124,22,110,104,102
SOLICITUDES
 22,23
SOLO
 129,123,115,85,82,6,156,155,141,140,94,92,90,58,57,28
SOLÓ
 113,112,104,102,94,92,84,82,76,57
SON
 64,63,153,127,121,92,83,82,67,45,44
SOPORTA
 104,102,84,82
SOTO
 1
SQL
 161,160
STOCK
 95,92
SU
 150,149,130,124,116,107,98,88,147,74,68,61
SUB
 8
SUB-MÓDULOS
 8
SUPERIOR
 130,124,116,107,98,88,147,74,68,61,153
SUPERVISOR
 113,126,120
SUS
 75,69,32
SYS
 1
SYS-M&R
 1
