PANTALLA
 126,120,130,124,116,112,109,107,102,98,88,58,57,129,123,115,113,103,158,156,155,150,149,144,143,141,140,135,134,108,104,100,99,92,90,89,82,76,71,70,67,54,53,49,48,45,44,41,40,37,36,4,161,160,157,151,147,146,145,137,136,131,128,122,114,106,105,96,86,75,74,73,72,68,66,65,63,61,59,55,50,46,42,38,3,152,138,127,121,97,95,93,87,85,83,78,77,64,60,51,32,162,154,153,117,79,31,30,29,28,27,26,25,24,23,22,21,20,19,18,17,16,15,14,13,12,11,10,9,8
PARA
 150,149,104,102,112,108,92,90,79,58,57,155,154,130,126,124,120,117,116,107,98,94,89,88,82,64,63,6,156,153,147,144,143,142,141,140,139,135,134,133,131,127,121,113,111,100,99,97,95,85,84,78,77,76,74,71,70,68,62,61,54,53,49,48,45,44,41,40,37,36,28,24,23,17,1
PARADA
 120
PARCIAL
 126,120
PARROQUIA
 64,63
PARTE
 130,124,116,107,98,88,84,94,158,156,155,147,95,85,74,68,61,153
PASA
 94,92
PASADO
 95,92
PASO
 63,64
PASOS
 64
PDF
 130,124,116,107,98,88,147,74,68,61,24,23,21,20,19,15,32,29,17,14
PENDIENTES
 13,49,25
PERIODO
 64,63,49,48,108,57
PERMITE
 82,23,21,15,150,149,104,92,84,27,24,22,19,17,8,94,75,29,20,154,153,102,85,30,14,12,10,9,58,57,48,31,28,26,13,11,144,143,141,140,135,134,126,120,113,112,100,99,95,89,76,71,70,54,53,49,45,44,41,40,37,36,25
PERMITIR
 91
PERO
 126,120,95,92,150,149,144,143,141,140,135,134,113,112,104,102,100,99,89,85,82,76,71,70,54,53,49,48,45,44,41,40,37,36
PERSONA
 144,143,146,145,135,134,112,89,150,149,29,153,113,147
PERSONAL
 29,147,142,146,145,144,143,6,150,149,135,134,133,112,58,57
PERSONAS
 29,147,90
PERTENCE
 40
PERTENECE
 41,64,63,40
PERTENECERA
 57
PEVENTIVO
 106
PLAN
 64,63
PLANIFICACIÓN
 27,8,133,34,138,137,136,135,134,26,5,132
PLURAL
 107,98,88
PLURAR
 130,124
PNF
 64,63,41,40
PNG
 108,104,102,84,82
PODEMOS
 162,160,154,146
PODER
 150,149,154,117,108,58,57
PODREMOS
 153,130,126,124,120,116,107,98,88,161,160,158,157,156,155,152,151,150,149,147,146,145,144,143,141,140,138,137,136,135,134,129,128,127,123,122,121,117,115,114,113,112,109,108,106,105,104,103,102,100,99,97,96,93,92,90,89,87,86,83,82,78,77,76,75,74,73,72,71,70,68,67,66,65,64,63,61,60,59,58,57,55,54,53,51,50,49,48,46,45,44,42,41,40,38,37,36
PODRÁ
 78,162,161,160,159,157,151,148,145,142,136,131,128,122,114,109,105,96,91,86,81,79,72,69,65,62,59,56,55,50,46,42,38,34
PODRÁN
 110
POLITÉCNICA
 1
POPULAR
 1
POR
 126,120,79,112,161,140,113,78,64,63,28
PORCENTAJE
 78
PORQUE
 126,120
POSEA
 144,143,153,94,92,84,82,80,4
POSEE
 120
POSEEAN
 126,120
POSEEN
 64,63
PRECIO
 95,92
PREGUNTA
 150,149
PRESENTADOS
 62
PRESENTARÁ
 125,119,112,103
PRESENTÓ
 126
PRESIONA
 137,66
PRESIONAMOS
 161,155,153,137,109,108,66,156,130,126,124,120,116,107,103,102,100,99,98,88,78,58,57,160,158,157,154,152,151,150,149,147,146,145,144,143,141,140,138,136,135,134,131,129,128,127,123,122,121,117,115,114,113,112,106,105,104,97,96,93,92,90,89,87,86,83,82,79,77,76,74,72,71,70,68,67,65,64,63,61,60,59,55,54,53,51,50,49,48,46,45,44,42,41,40,38,37,36
PRESIONAR
 64,63,129,123,115,158,156,155,126,120,113,102,67,32,153,150,149,146,144,143,141,135,134,131,127,121,112,104,103,100,99,95,92,85,82,79,77,76,71,70,58,57,54,53,44,41,40,37,36
PRESIONARLOS
 67
PRESIONE
 130,124,116,107,98,88,147,104,74,68,61,102,84,82,32
PRESTAMO
 89,142,90
PRESTAR
 89,19,81
PRESTARA
 89
PREVENTIVO
 119,22,121,120,106,111,25
PREVENTIVOS
 22
PREVIA
 104,84
PRIMER
 71,70
PRIMERA
 94,84
PRIMERAMENTE
 130,126,124,120,116,107,98,88,161,160,158,157,156,155,152,151,150,149,147,146,145,144,143,141,140,138,137,136,135,134,131,129,128,127,123,122,121,117,115,114,113,112,109,108,106,105,104,103,102,100,99,97,96,93,92,90,89,87,86,83,82,78,77,76,75,74,73,72,71,70,68,67,66,65,64,63,61,60,59,58,57,55,54,53,51,50,49,48,46,45,44,42,41,40,38,37,36
PRINCIPAL
 4,126,120,3,150,149,144,143,141,140,135,134,130,124,116,113,112,107,104,102,100,99,98,92,89,88,82,76,71,70,54,53,49,48,45,44,41,40,37,36,1,162,161,160,158,157,156,155,152,151,147,146,145,138,137,136,131,129,128,127,123,122,121,117,115,114,109,108,106,105,103,97,96,95,93,90,87,86,85,83,78,77,75,74,73,72,68,67,66,65,64,63,61,60,59,58,57,55,51,50,46,42,38,32,31,30,29,28,27,26,25,24,23,22,21,20,19,18,17,16,15,14,13,12,11,10,9,8
PRIVILEGIOS
 162,159,156,155,154,150,149,148,142,91,81,62,34
PROCEDA
 117
PROCEDE
 83
PROCESO
 161,160,157,151,145,136,128,122,114,109,105,96,86,79,72,65,59,55,50,46,42,38
PROCESOS
 142
PRODRÁ
 132,118,111,110,101,80,52,47,43,39,35
PROFESOR
 58,57,48,49
PROFESORES
 58,57,47
PROGRAMA
 64,63,41,40
PROVEEDOR
 113,112
PROVEEDORA
 113,112
PROXIMO
 120
PROYECTO
 64,63,17,67,65,68,66,16,75,62
PROYECTOA
 68
PROYECTOS
 62,16,17,5,68,66,65,64,63
PUDE
 64,63
PUDO
 79,126,120
PUEDA
 156,155,142
PUEDAN
 154,126,120
PUEDE
 130,124,116,107,98,88,156,155,147,141,140,113,108,100,99,95,92,90,79,74,68,64,63,61
PULSADORES
 120
PULSAMOS
 90,137,66,126,120,58,57,153,131,127,121,112,108,103,97,78,73
PULSE
 130,124,116,107,98,88,160,157,151,145,136,128,122,114,109,105,96,86,79,72,65,59,55,50,46,42,38,147,77,74,68,61,161
PULSEMOS
 137,66
PUNTO
 92,95,94,84,82
PÁGINA
 126,120,117,1,4
