QUE
 126,120,64,143,63,92,104,102,95,41,162,156,155,153,150,149,144,135,134,108,79,40,37,100,99,82,58,57,45,36,141,140,137,131,130,124,113,107,98,90,89,88,85,66,54,49,44,161,160,157,154,151,145,142,139,136,133,129,128,127,123,122,121,115,114,112,110,109,105,96,94,86,84,80,78,77,76,75,72,71,70,67,65,62,59,55,53,50,48,46,42,38,34,33,32,28,4
QUEDARIA
 58,57
QUEDEN
 156,155
QUEDO
 126,120
QUERAMOS
 104,102,75,64,58,57,54,49,45,41,37
QUEREMOS
 137,108,90,66,156,107,158,155,152,151,150,146,145,144,141,138,136,135,131,130,129,128,127,124,123,122,121,117,116,115,114,113,106,105,104,100,99,98,97,96,93,89,88,87,86,83,74,73,72,71,68,67,65,61,60,55,54,51,50,49,46,45,42,41,38,37
QUIEN
 89
QUITA
 156,150,144,141,135,113,104,100,99,95,85,76,54,49,45,41,37
QUITAR
 104,151,145,136,128,122,114,105,96,86,78,72,65,55,50,46,42,38
QUÉ
 64,63
